5.0 * 4.0 = 20.0
floor(5.9) = 5.0
1 xor 0 = 1
sin(90.0) = 57.29577951308232
sin(90.0) = 0.8939966636005579
